-1.285312315419296965e+03
-8.933148588085723532e+02
-1.824381337658842540e+03
-1.761953921696882162e+03
-8.581663215096236854e+02
-8.815819800162986439e+02
-1.046897907299998678e+03
-1.134277839819084420e+03
-9.660081867736163304e+02
-9.636994924359361221e+02
-8.685213929759360099e+02
-1.051077905485552947e+03
-1.199633422634319686e+03
-9.488046566192750788e+02
-1.145014189694345987e+03
-1.702382987179851852e+03
-1.103467652612915344e+03
-1.173496429102196771e+03
-1.172443139290681984e+03
-1.331665432679340029e+03
-8.514668079853950076e+02
-1.198984818706232090e+03
-1.236476452477096927e+03
-1.300192465638758449e+03
-9.666541331689122671e+02
-1.287163830711083392e+03
-1.213814762670693199e+03
-1.266615567055098609e+03
-1.344554802054933134e+03
-1.429496129188516306e+03
-1.358805449134963055e+03
-1.295130905331772283e+03
-1.361302729571819100e+03
-1.379175793363845060e+03
-1.383077195789997631e+03
-1.399510078199239615e+03
-1.324473007307922217e+03
-1.323454061618096603e+03
-1.343307646062662343e+03
-1.441785835673576685e+03
-1.367808765888880771e+03
-1.328913490542693353e+03
-1.402106965925554277e+03
-1.495328956609934721e+03
-1.294584685980410313e+03
-1.345243046060759525e+03
-1.311463344723603313e+03
-1.399341193321402443e+03
-1.358048027587401293e+03
-1.546107731798708073e+03
-1.197400764546873006e+03
-1.351292597348767913e+03
-1.216270418659392362e+03
-1.209772158201651791e+03
-1.359420201504150327e+03
-1.374103190547853274e+03
-1.367251168190474573e+03
-1.177964839776246436e+03
-1.217001497728392906e+03
-1.105790313550098062e+03
-1.198055265927251867e+03
-1.239670410272244226e+03
-1.699660235162804611e+03
-1.243497682117465047e+03
-1.342577743444088583e+03
-1.353557231114647266e+03
-1.357975540007800646e+03
-1.299631828225936488e+03
-1.275148115479795251e+03
-1.186722745954816673e+03
-1.242355755350994968e+03
-1.357876430395147509e+03
-1.284185580651891541e+03
-1.279922100903121645e+03
-1.374236067171113518e+03
-1.355867204059956293e+03
-1.371445767102848095e+03
-1.327686107131550216e+03
-1.287425062878288600e+03
-1.266584928980447330e+03
-1.230143780161177347e+03
-1.241453653911042238e+03
-1.353696153423088845e+03
-1.315271764805564544e+03
-1.350606733912946538e+03
-1.353492348162427788e+03
-1.281706240361721029e+03
-1.338772137970772519e+03
-1.304002333118957722e+03
-1.435886422174964537e+03
-1.395832731933068317e+03
-1.363084398760256590e+03
-1.394263035254379020e+03
-1.357491862528957199e+03
-1.396349062247227721e+03
-1.355720630131533198e+03
-1.385284833560830975e+03
-1.326412024377985063e+03
-1.291338337551303539e+03
-1.398751283281921133e+03
-1.298630844498591159e+03
-1.292652650265204329e+03
-1.379425017787800243e+03
-1.425791067621039929e+03
-1.330453207929168912e+03
-1.363240026145012052e+03
-1.243809301232155121e+03
-1.339461608579797712e+03
-1.336674849187502787e+03
-1.390590127503680833e+03
-1.328680693917228837e+03
-1.440731701173231841e+03
-1.290038747678725031e+03
-1.338162974570473580e+03
-1.286151639933531897e+03
-1.418937947731610620e+03
-1.234944289526351440e+03
-1.381077616039376380e+03
-1.308370938925286737e+03
-1.272750184642415434e+03
-1.353697144212533431e+03
-1.237111549100083948e+03
-1.260721324069577349e+03
-1.275106115182908979e+03
-1.382615558878986803e+03
-1.305523758222630022e+03
-1.219453275764903765e+03
-1.328019586885818853e+03
-1.360558821805316256e+03
-1.214380464544632332e+03
-1.195791624000248476e+03
-1.284883790161194156e+03
-1.224851750495629858e+03
-1.373317065271593492e+03
-1.222774175920713560e+03
-1.361546357201279307e+03
-1.311881433919927531e+03
-1.227611174506703037e+03
-1.349650712770279370e+03
-1.266265890174084689e+03
-1.374124264575335019e+03
-1.154154263609471172e+03
-1.343056702865667603e+03
-1.210438650584987727e+03
-1.282978394292533267e+03
-1.313605889913977762e+03
-1.332362239254402539e+03
-1.236545359739172682e+03
-1.186530537139158469e+03
-1.344828727154218768e+03
-1.197731442449754013e+03
-1.218136047337225364e+03
-1.379317398460949562e+03
-1.247421746086748044e+03
-1.359089587386640005e+03
-1.221634371298292081e+03
-1.255264739904111821e+03
-1.251970807816177967e+03
-1.246402670565681547e+03
-1.198267139750103752e+03
-1.021735406378124367e+03
-1.293121619945266730e+03
-1.323913617110111772e+03
-1.224791501717175834e+03
-1.250885436239001137e+03
-1.291461412943164760e+03
-1.279543047674858826e+03
-1.159675115426065759e+03
-1.264232709876999024e+03
-1.230711862431766576e+03
-1.191619104859008303e+03
-1.214312783158136426e+03
-1.182758192754686206e+03
-1.264511486249341942e+03
-1.042805166204656643e+03
-1.333063296974610466e+03
-1.198841922816857959e+03
-1.405673454696971021e+03
-1.200705146917211096e+03
-1.123726263981055126e+03
-1.220825171042816692e+03
-1.306124339748952025e+03
-1.333710330231780290e+03
-1.442699948405544774e+03
-1.358035375926838469e+03
-1.172765780821403723e+03
-1.406927067474952764e+03
-1.192341361109319905e+03
-1.531057651980461287e+03
-1.372281159308815177e+03
-1.191224573675724741e+03
-1.173967220684152835e+03
-1.457501795105182282e+03
-1.191189175262202525e+03
-1.385086106882311014e+03
-1.405727533502502411e+03
-1.323331257612997888e+03
-1.270031276003266157e+03
-1.314863744816096414e+03
-1.241042454520895944e+03
-1.175395469345036418e+03
-1.210573505611829432e+03
-1.195375599025921929e+03
-1.194800150800460415e+03
-8.408422482967749829e+02
-1.184429372832553327e+03
-1.307056885829104203e+03
-1.234896499590599205e+03
-1.213343739000146343e+03
-1.339736513043740842e+03
-1.311793341240703285e+03
-1.273266509621385239e+03
-1.202641829267497315e+03
-1.242869281813993894e+03
-1.153516152887611725e+03
-1.279931774426622724e+03
-1.034782480582116932e+03
-8.884414372021739155e+02
-1.169302961362423730e+03
-1.099665984554336546e+03
-1.085823489572843982e+03
-1.117531665667646394e+03
-1.224323664875278382e+03
-1.352167378730708151e+03
-1.180816454812767233e+03
-1.099436724350567602e+03
-1.029494379165074861e+03
-1.204018165742920928e+03
-1.237348775993451454e+03
-1.191837492490895329e+03
-1.068722335217875298e+03
-1.107094287053716243e+03
-1.023634335596266169e+03
-1.059480193049354966e+03
-1.001349476483006583e+03
-1.244456304737348773e+03
-1.161836504329849276e+03
-1.260435352086236662e+03
-1.255098652818823211e+03
-1.025375373709812948e+03
-1.205844195316112746e+03
-1.198254023203254064e+03
-1.304657705655125255e+03
-1.158858930807571369e+03
-1.242423918802675644e+03
-1.167829403576602544e+03
-1.211680152244993906e+03
-1.181372621111344870e+03
-1.033095398573686680e+03
-1.173952799197146760e+03
-9.189102049125787062e+02
-1.211925072614324563e+03
-1.175008843606793334e+03
-1.060379793905103270e+03
-1.149317616939707477e+03
-1.046567799778468952e+03
-1.209068822665486096e+03
-1.214101059666693118e+03
-1.224560138541889955e+03
-1.202533432339061619e+03
-1.300633386501878249e+03
-1.260059507242478048e+03
-1.328559249046822515e+03
-1.251294351700013522e+03
-9.082123269960377456e+02
-1.313053239470860262e+03
-1.285087669848685437e+03
-1.108588673764057830e+03
-1.264087733106567839e+03
-1.152394642181397785e+03
-1.305344616507323508e+03
-1.192450286440115178e+03
-1.212187270170797319e+03
-1.292221520977976297e+03
-1.318548005506176423e+03
-1.306332370239568263e+03
-1.265781922038585435e+03
-1.198763044150658061e+03
-1.302418858287867124e+03
-1.175692234218426393e+03
-1.268738880935273301e+03
-1.330141941056384667e+03
-1.046504937812740991e+03
-1.260529132727098386e+03
-1.248433222103959451e+03
-1.304384003005661270e+03
-1.199944191095490169e+03
-1.153917237849215098e+03
-1.136224240358468023e+03
-1.213920734337817976e+03
-1.035929970658345155e+03
-1.153696193082409309e+03
-1.257095054101751202e+03
-1.056822112858049195e+03
-1.200935760535096506e+03
-1.348255676641837681e+03
-1.165768735940284614e+03
-1.194023679369898446e+03
-1.178661831000517168e+03
-1.216205911880206941e+03
-1.333285223731022143e+03
-1.306756727360057766e+03
-1.301425303601198266e+03
-1.200352923793754599e+03
-1.232108278222573290e+03
-1.203493143278009256e+03
-1.156988523925497930e+03
-1.215467684862211172e+03
-1.076938236033624207e+03
-1.294314039893722565e+03
-1.043159241633508373e+03
-1.181552714757861850e+03
-1.170205450083332153e+03
-1.015697031961428479e+03
-1.333130718648975744e+03
-1.159728400363706896e+03
-1.171855823006610990e+03
-1.238900983857915662e+03
-1.336324549991829599e+03
-1.247629455234122361e+03
-1.323138763599837375e+03
-1.168490680446904889e+03
-1.188682005760054381e+03
-1.051790164268387798e+03
-1.155916255472646753e+03
-1.051973250479646140e+03
-1.184550312336439220e+03
-1.024674254262910608e+03
-9.753684088775730743e+02
-1.051324183054718333e+03
-1.061719320636743305e+03
-1.358810946012270279e+03
-1.213116893839513295e+03
-1.092788248194896823e+03
-1.256599349721715498e+03
-1.036285154112060127e+03
-1.297278976167098563e+03
-1.333690735182726030e+03
-1.275292637481890551e+03
-1.048824969792921365e+03
-1.050968337065089827e+03
-1.213388154789350438e+03
-1.176265592316131688e+03
-1.122171998175769886e+03
-9.334632911796169310e+02
-9.307395603545426184e+02
-1.093519726542591570e+03
-1.029526998843432466e+03
-1.133585729270250567e+03
-1.023761137425469315e+03
-1.067490725749986723e+03
-9.068638470132666498e+02
-1.017622732572851760e+03
-9.237004548199136025e+02
-1.033493824246579152e+03
-8.915794617551789543e+02
-1.141514152263144979e+03
-1.064868397741153103e+03
-1.109562116488604261e+03
-1.096438546145410328e+03
-1.011183279823819475e+03
-1.040753496544989275e+03
-1.075526930593739507e+03
-8.940702015883869080e+02
-1.021706748743602134e+03
-1.104534646722912612e+03
-1.011471639717181347e+03
-1.061215634140505244e+03
-1.057295485139844914e+03
-1.013231669666017183e+03
-1.027339419853994968e+03
-1.039963773085934463e+03
-1.155884243452408100e+03
-1.041060112245318578e+03
-1.000997009061232802e+03
-9.744045997690807326e+02
-1.028867400200152360e+03
-1.018136493052268634e+03
-1.125223128676558645e+03
-7.899024680152214160e+02
-9.456322856115492641e+02
-1.045051903388156461e+03
-1.057872823703917447e+03
-9.074026917009190356e+02
-7.271933003056936968e+02
-1.036377517083452631e+03
-1.122001198541172243e+03
-1.181307196646250986e+03
-9.308791378229321936e+02
-1.217077907677249186e+03
-1.211175467468817033e+03
-1.313600610836460191e+03
-1.038536699979114701e+03
-1.329337641613666619e+03
-1.283230401882356091e+03
-1.158184710466588967e+03
-1.175470615379399760e+03
-1.158054077611543107e+03
-1.162699734038988026e+03
-9.178647165060845055e+02
-1.053887960025297616e+03
-1.000744872545030603e+03
-1.048399059148134029e+03
-1.024200656751745555e+03
-1.010404340990923743e+03
-1.019604164314746299e+03
-1.048066406029162863e+03
-1.064019871403911793e+03
-1.014405993770867553e+03
-1.005837736461728014e+03
-1.022108764701495488e+03
-1.005682627917114360e+03
-9.252810619778886121e+02
-1.032147675913655803e+03
-1.105531847443897732e+03
-1.035745264761202861e+03
-1.112128710487274475e+03
-1.078173128927812741e+03
-1.034031747225373238e+03
-1.027412160962363942e+03
-1.069318625956233291e+03
-9.244714635876894135e+02
-9.201972633380996740e+02
-1.093792926277263405e+03
-1.015650863815703246e+03
-8.512960109700015892e+02
-8.957417272226646219e+02
-9.413638245894223928e+02
-1.171085926642765799e+03
-9.983641982510317803e+02
-1.031494520644163003e+03
-1.041834429932997637e+03
-8.658363321103049657e+02
-9.997144286405638240e+02
-1.036062253491216552e+03
-1.019188031854482347e+03
-9.844684411791537286e+02
-8.881622170163514056e+02
-8.935793716449510384e+02
-9.068215442251525928e+02
-9.270473836101979259e+02
-1.013809188466951582e+03
-7.919180133059218178e+02
-1.152157050500488822e+03
-7.680676647133889219e+02
-8.207303507053437670e+02
-8.977173131537188056e+02
-1.045654857731465654e+03
-1.046080938050942450e+03
-8.117245680911402133e+02
-1.055799121966982284e+03
-6.842827664022929639e+02
-9.071467658472269022e+02
-1.112006212778457893e+03
-1.144551841016674416e+03
-1.011219867684828841e+03
-1.012093846899915093e+03
-9.379069084618311081e+02
-7.821963566538620398e+02
-8.997402231143942117e+02
-1.036193461187187722e+03
-1.136791695121641169e+03
-1.125632604928031469e+03
-1.182736571625689066e+03
-1.207694333902250492e+03
-9.087575722448408442e+02
-1.268821104694442965e+03
-1.344300432525350743e+03
-1.253009663397122040e+03
-1.252971414232861207e+03
-1.152361260123328520e+03
-1.112992941773188932e+03
-1.036491708793226508e+03
-1.160006973775401320e+03
-1.197202849344218976e+03
-1.232591468868122547e+03
-1.207277243231035527e+03
-1.170243771397600995e+03
-1.153541201568444194e+03
-1.121860770225384158e+03
-1.038237010998686856e+03
-1.019621176099080799e+03
-9.021989406884573555e+02
-1.204126487068055440e+03
-1.083926815458852616e+03
-1.099963708607044737e+03
-8.093372483714792907e+02
-1.049196330049764128e+03
-1.033579215405394052e+03
-9.170320541439755289e+02
-9.073747582799405791e+02
-7.726703240457959510e+02
-8.673342784953732689e+02
-8.358301942261800832e+02
-9.281916258098319759e+02
-9.422849276294338097e+02
-8.706012981145324829e+02
-9.162172142732225666e+02
-7.706877065238145406e+02
-8.923493318312856672e+02
-7.736820172000950606e+02
-6.534140759408101076e+02
-8.918323830567973118e+02
-1.195591544937117760e+03
-1.014662631026744634e+03
-1.085772666850367841e+03
-1.051911099252193708e+03
-9.194647299728779899e+02
-1.024474736265521187e+03
-9.098163109489464659e+02
-1.087978920675543577e+03
-1.101775078164785327e+03
-8.885637829013904820e+02
-1.014637756450011807e+03
-1.007299518198555347e+03
-9.499905769625379435e+02
-6.443417983536096472e+02
-1.085170759291000877e+03
-9.123293192136812877e+02
-9.166831487348177916e+02
-1.041837898180549701e+03
-1.032214234451870198e+03
-1.032604847470911182e+03
-1.104666179448055573e+03
-1.061030671879974307e+03
-1.012127623291656050e+03
-1.021746459118550092e+03
-9.033536295789768928e+02
-1.012128182033595976e+03
-7.691439607618234504e+02
-9.036642476883251902e+02
-7.728645663043337208e+02
-7.416343880334388814e+02
-1.084127883747564283e+03
-8.873618416451519124e+02
-8.712651185212953351e+02
-8.938634523841831196e+02
-9.122063310787578985e+02
-8.899957256670621746e+02
-1.027373836883802142e+03
-9.139651300048507210e+02
-1.038657125103056615e+03
-1.033065866111998730e+03
-9.547665744865931856e+02
-9.024610883016636080e+02
-1.024624996829142447e+03
-5.263226168938127785e+02
-7.695104884191348447e+02
-8.782005885535636480e+02
-9.675126151413489879e+02
-1.004499372735714473e+03
-8.993387523614836709e+02
-3.805064239960915984e+02
-9.200267127745688640e+02
-1.021653680579209663e+03
-1.077847550830020282e+03
-1.054634530723898934e+03
-1.050050813582446608e+03
-1.063556062977330384e+03
-9.132819499264060141e+02
-7.900552828740819677e+02
-1.127050697964184565e+03
-1.046431434287095499e+03
-1.124287061470009576e+03
-1.023841503305309175e+03
-9.923517647171295266e+02
-1.150704615487706860e+03
-1.052614400859217540e+03
-9.160729342503875614e+02
-9.990475636551085472e+02
-8.822981276870177680e+02
-8.935869777053901544e+02
-8.885264819781167489e+02
-1.037299682675019767e+03
-1.063829641882541864e+03
-1.126658000045334347e+03
-7.794468179740227924e+02
-1.038509596646383216e+03
-9.935690113504849705e+02
-7.760723728132871884e+02
-1.046519259898134123e+03
-1.045810671258347838e+03
-1.160279254352317366e+03
-9.039263664187163840e+02
-6.359187696666425609e+02
-7.854990373877711818e+02
-9.016316074840873398e+02
-9.475348366338772621e+02
-7.579506749696175802e+02
-7.513155181148088104e+02
-7.618418247231641089e+02
-7.569887065750115198e+02
-1.040717438169696152e+03
-1.058642840333607865e+03
-1.127253119129304423e+03
-1.077911925263413195e+03
-6.427485571163260829e+02
-1.067931933865079372e+03
-1.023857680730242578e+03
-7.842233614626755980e+02
-9.084881425254868645e+02
-1.034916288620187970e+03
-1.026829720476408284e+03
-9.929455032341713832e+02
-9.462138492981316631e+02
-9.631216073685092169e+02
-9.576101559969758910e+02
-7.471453877509076165e+02
-8.965077425831192386e+02
-8.369987251745059211e+02
-7.306802603845566182e+02
-8.949866139426736709e+02
-9.228345851535297015e+02
-9.338142927335154582e+02
-9.419058939806792523e+02
-9.054743008348027615e+02
-9.243175794433668671e+02
-9.589717508112673841e+02
-1.128518568758727270e+03
-9.117276248568962274e+02
-1.062013992016178690e+03
-1.021892932475799057e+03
-8.028710800510987156e+02
-1.023428076908794196e+03
-1.037609866325669373e+03
-9.155980627487219863e+02
-1.030472068176712128e+03
-9.944987551201795668e+02
-8.913296972673271057e+02
-8.723215027031021691e+02
-5.180752033116154962e+02
-8.979973833737441282e+02
-6.295581299583324153e+02
-9.032770768625351820e+02
-1.048022841585170227e+03
-1.044595748582233909e+03
-7.166033746883233562e+02
-1.201658904216081737e+03
-5.201644578984942200e+02
-1.208028164513886622e+03
-1.204563810330590513e+03
-9.045780801439110519e+02
-8.503182806038616945e+02
-1.049389969796498235e+03
-1.078444643262979980e+03
-1.205194528597771068e+03
-9.399591528555037030e+02
-1.216729869371306449e+03
-1.186933134984527442e+03
-1.017114857198155619e+03
-1.066045063832634241e+03
-1.145406951520625398e+03
-1.098859837900257389e+03
-1.028803201462921834e+03
-7.423682788656723233e+02
-1.114630436313047312e+03
-9.514603385323096063e+02
-1.102126615130240225e+03
-9.164432084460141823e+02
-1.015337738328773298e+03
-9.647210417504192037e+02
-8.726464605571510447e+02
-7.639321917114290272e+02
-7.725233457883934989e+02
-8.652314171598513894e+02
-1.130307457182209646e+03
-7.637762866275762690e+02
-6.540932177226985687e+02
-1.046288423026363262e+03
-7.169210535916915887e+02
-1.048982112553950174e+03
-7.983522779323088798e+02
-7.917572725922398149e+02
-1.051310001201494060e+03
-1.029706180193436239e+03
-1.098121506817557020e+03
-9.478371776754481743e+02
-9.324344645490160701e+02
-9.172577314396793327e+02
-9.060067477326336984e+02
-9.321024601708676300e+02
-1.132046994809809121e+03
-9.309420850202543534e+02
-8.447890161285058639e+02
-8.957015676208277455e+02
-4.965357637107773030e+02
-5.920684193270454898e+02
-7.868115586803610313e+02
-9.183867439882759527e+02
-1.049934249105985145e+03
-1.166200026292470966e+03
-4.878864741718592768e+02
-1.121178111154994895e+03
-1.015191703358642712e+03
-5.154211799359375163e+02
-7.117582603729786115e+02
-9.712539972311149086e+02
-9.929137145844528050e+02
-8.374107974173048206e+02
-7.946979062905274986e+02
-5.145550524190018677e+02
-3.794454275396071807e+02
-6.221863499993587538e+02
-8.974126526760953766e+02
-9.360732811532693631e+02
-8.379065666537994730e+02
-7.601101641543849610e+02
-1.009447584420940302e+03
-1.093382301735181045e+03
-1.084887442637403637e+03
-1.117386923454300359e+03
-1.182923647510286855e+03
-1.217349322989543907e+03
-9.399229062912628478e+02
-1.286783450988064487e+03
-1.245239253757311872e+03
-1.018977457714691127e+03
-1.186728497100978529e+03
-1.033461305209588545e+03
-1.128175160882084811e+03
-7.642731947670869204e+02
-4.540017185223548495e+02
-8.927551165690892958e+02
-7.605643366703222910e+02
-3.884005339513631725e+02
-6.285203225164200376e+02
-8.538345604005126006e+02
-6.390839082634907982e+02
-7.792940406433981479e+02
-6.344209581025447733e+02
-6.376398357361423450e+02
-6.310172332538230648e+02
-7.510293319351953869e+02
-9.107886674029932692e+02
-6.257943388163616873e+02
-6.294388517124784812e+02
-3.857181205459232274e+02
-4.991205623375237792e+02
-4.916059933693841799e+02
-4.948662418870837882e+02
-5.027093416726185637e+02
-3.978248944409215824e+02
-3.844435176983099609e+02
-9.043148998976639632e+02
-9.175264349543657545e+02
-9.299514167131645763e+02
-1.089021712084713954e+03
-1.003182444733174293e+03
-6.252262804450687099e+02
-5.331736887654279826e+02
-1.011409273013907978e+03
-1.007874177327565917e+03
-1.019817156147856053e+03
-8.967756948926097493e+02
-4.997104598013268060e+02
-8.738278844803293168e+02
-9.137332008063634703e+02
-6.501680907026883460e+02
-9.379211954923461008e+02
-8.348148134260685538e+02
-1.057498226222498033e+03
-1.061200057459203890e+03
-7.920016001826734282e+02
-9.511819658841360479e+02
-6.892952565603890207e+02
-1.055509413949789632e+03
-1.049857201206730906e+03
-7.597745972537833268e+02
-7.776248929634423348e+02
-6.790367657471883831e+02
-9.734519066759553425e+02
-9.017058179333536145e+02
-9.186205665336919992e+02
-2.511385378752902682e+02
-5.145914214740442958e+02
-5.696287551926479864e+02
-5.108071045488499067e+02
-5.036960745386751910e+02
-9.878920118172698039e+02
-7.112264559572788585e+02
-5.156160606326886864e+02
-6.190672672947600859e+02
-5.190779205522688926e+02
-5.109148451222867493e+02
-2.510645984154083976e+02
-2.604675068721803655e+02
-4.665253556780199347e+02
-1.296980422730173075e+02
-5.192368573283658861e+02
-6.546940884080762544e+02
-4.718982595076740267e+02
-5.428698694024695897e+02
-8.616932020000892862e+02
-6.513163260106225607e+02
-1.082483553192872932e+03
-1.014234478381790268e+03
-8.027827716239696656e+02
-1.046420522126068818e+03
-6.565935912718994132e+02
-3.977392835110218812e+02
-9.213942346958569942e+02
-1.037047106264036984e+03
-1.039838453733584856e+03
-9.731436511538432796e+02
-6.288637910014120962e+02
-3.815405953010620124e+02
-3.966754377701654448e+02
-5.520009480904594739e+02
-3.823051443787196604e+02
-7.108803437570878714e+02
-5.135046062692874784e+02
-5.114719366666703877e+02
-1.292169572516724827e+02
-1.317700077515069381e+02
-5.739080414870489903e+02
-6.330648404493077805e+02
-5.015044239847833865e+02
-7.778837925034511045e+02
-7.882403327487375009e+02
-1.080168801430325402e+03
-9.258275995699503937e+02
-8.343465332117641537e+02
-1.194987418840269584e+03
-9.291741549888752161e+02
-1.138451472749973391e+03
-7.721806665697213248e+02
-1.069499540139232522e+03
-4.154872796993396378e+02
-1.316705681081044304e+03
-5.558353467246809032e+02
-1.320577241844011041e+03
-1.373225786855866318e+03
-9.548822072083311241e+02
-9.167638240663420675e+02
-1.317987117299463534e+03
-1.079886871070340021e+03
-1.047827317217715745e+03
-1.228437123779492822e+03
-1.301663898675002656e+03
-1.046848553873619267e+03
-4.520587710612716137e+02
-9.398946219796257537e+02
-1.237250348234603962e+03
-2.169479796900084523e+00
-1.072777525133667723e+03
-1.064879828816569216e+03
-1.338693345918763953e+03
-1.229628294828732351e+03
-1.213006513370747598e+03
-4.915562725627386840e+02
-2.440771103377014413e+02
-1.248501101684431802e+02
-5.064214169225464275e+02
-3.823404880913202852e+00
-2.559531497003275433e+02
-1.054017909468059997e+03
-1.040347370928926921e+03
-8.749442339732485152e+02
-5.428322599654754868e+02
-1.047993916126875320e+03
-1.033169538139947690e+03
-2.603966206015881539e+02
-8.872317239292823388e+02
-9.552854362155785566e+02
-6.685091201456566523e+02
-8.266609386621233853e+02
-9.968025511792169482e+02
-7.702179368316385535e+02
-7.825008663473308843e+02
-7.756656723938888263e+02
-5.169306147786181782e+02
-7.527625189046809737e+02
-5.002306583815246199e+02
-2.522966563920573151e+02
-8.984304177989138225e+02
-2.579303563815889220e+02
-5.049227923307502124e+02
-6.340505125067093104e+02
-1.271854705699419554e+02
-3.747796046533129015e+02
-2.535297867183008407e+02
-4.862572785545359011e+02
-4.948222299000526618e+02
-9.116720714161941714e+02
-2.552472850473859012e+02
-1.261428753722123872e+02
-3.721568499529885798e+02
-2.437825040472569924e+02
-7.822130303719231961e+02
-1.309461181701439614e+02
-1.894498948010983064e+00
-6.504619221162080294e+02
-2.534161014872372277e+02
-9.208750915413124858e+02
-1.256149595624390258e+02
-7.856356023911433795e+02
-2.586145862805262823e+02
-4.065235927773463800e+02
-1.242784714774832935e+02
-4.983470957227935969e+02
-3.640027705986288424e+02
-3.737570914341099524e+02
-2.510458101685762529e+02
-1.273159256889587994e+02
-1.321493145294724627e+02
-1.305533827262962854e+00
-5.033322763810166407e+02
-3.836011841137612919e+02
-1.319561620476800101e+02
-3.789493810554013180e+02
-5.000832195062624441e-01
-6.366664531621562446e+02
-4.575314340917697677e+02
-5.238317349237222516e+02
-1.273233715505936914e+02
-4.230057636035990942e-01
-2.532246680029321908e+02
-2.548324948625079571e+02
-2.942833582002565951e+00
-3.644250306040505052e+02
-2.558750502121199588e+02
-2.502590926847717014e+02
-5.157009650307770698e+02
-2.491480089176132822e+02
-2.560487388303656644e+02
-1.281440467489807133e+02
-3.674681288562957775e+02
-1.285801654874195208e+02
-8.966263556420142322e+02
-1.263512272886274559e+02
-1.225341313123389853e+02
-3.774223903150374895e+02
-8.022538054103727063e+02
-2.612457598709228250e+02
-9.160453066666765380e+02
-9.315774566109449779e+02
-1.291575337884985686e+02
-7.949545836123637628e+02
-2.429196000750936832e+02
-2.443704279696231367e+02
-1.002875211931159242e+03
-2.526532867288976547e+02
-1.270579085105143378e+02
-1.270036077482915005e+02
-2.580708131967670624e+02
-3.712904211752237416e+02
-2.580986135626890814e+02
-1.251166620799912721e+02
-1.289019225695903117e+02
-1.263463004076978820e+02
-2.617392024709284897e+02
-2.523736897757036957e+02
-4.387389215902545061e+02
-1.341849150618001261e+02
-2.543685289618966294e+02
-6.918675397020532500e+02
-2.480062354997236298e+02
-8.386737961262243743e+02
-9.169266749246845620e+02
-2.524713965158859708e+02
-3.659329069418243421e+02
-3.785591134400087867e+02
-3.754610345072794644e+02
-1.246642629047182851e+02
-2.541392637667821361e+02
-3.689250840689061874e+02
-8.988136230863157152e+02
-5.341298297170213800e+02
-1.276627686047035155e+02
-4.909866639823865171e+02
-2.415526911433946964e+02
-3.704498474508478694e+02
-3.768477113346626197e+02
-1.270731130913476079e+02
-2.527147572192193650e+02
-1.285343117285109145e+02
-2.561083611775284226e+02
-1.271327104346861177e+02
-3.939351830068879012e-01
-3.720172768473503879e+02
-2.457863404273187484e+02
-1.300018215816656948e+02
-5.141482159823194120e-01
-3.790387814750772577e+02
-7.274419981204572894e-01
-1.254376350466911987e+02
-7.839949326205554598e+02
-1.075909659532320095e+00
-2.495333578276297146e+02
-2.583249606641829121e+00
-1.272816034573942829e+02
-3.887745765059805194e+02
-2.172557780707543795e+00
-3.645577001695197623e+02
-1.295360484973292614e+02
-7.931823300757228026e+02
-2.575721617140390549e+02
-1.007076098689015486e+00
-1.286071945026282322e+02
-2.610866203724812067e+02
